Passed arguments:
File to fix: local_data/planilha_fix_indicadores/idsminmaxvalues.csv
Settings labels file: data/settings_labels.csv
Debug mode: True
Output folder: output/export_legends
Output file: fixed_legends_from_csv_indicators.csv
Complete output file path: output/export_legends/fixed_legends_from_csv_indicators.csv

Fix indicator_id: 201030
min_value or max_value is null. New indicator_id: 201030
[[None, None], [None, None], [None, None], [None, None], [None, None], [None, None]]


Fix indicator_id: 201002
[[1.1, 11.27, 10.17], [11.28, 21.45, 10.17], [21.46, 31.63, 10.17], [31.64, 41.81, 10.17], [41.82, 52.0, 10.08], [None, None]]


Fix indicator_id: 201003
[[0.6, 8.67, 8.07], [8.68, 16.75, 8.07], [16.76, 24.84, 8.08], [24.85, 32.91, 8.07], [32.92, 41.0, 7.98], [None, None]]


Fix indicator_id: 201004
[[0.0, 2.87, 2.87], [2.88, 5.75, 2.87], [5.76, 8.63, 2.87], [8.64, 11.51, 2.87], [11.52, 14.4, 2.88], [None, None]]


Fix indicator_id: 201014
[[0.0, 6.22, 6.22], [6.23, 12.44, 6.22], [12.45, 18.66, 6.22], [18.67, 24.88, 6.22], [24.89, 31.1, 6.12], [None, None]]


Fix indicator_id: 201015
[[0.0, 19.2, 19.2], [19.21, 38.5, 19.2], [38.51, 57.9, 19.3], [57.91, 77.1, 19.2], [77.11, 96.5, 19.2], [None, None]]


Fix indicator_id: 201016
[[0.0, 8.27, 8.27], [8.28, 16.54, 8.26], [16.55, 24.84, 8.28], [24.85, 33.11, 8.27], [33.12, 41.4, 8.18], [None, None]]


Fix indicator_id: 201017
[[1.6, 13.03, 11.43], [13.04, 24.47, 11.43], [24.48, 35.91, 11.43], [35.92, 47.35, 11.43], [47.36, 58.8, 11.34], [None, None]]


Fix indicator_id: 201018
[[0.0, 6.48, 6.48], [6.49, 12.96, 6.48], [12.97, 19.44, 6.48], [19.45, 25.92, 6.48], [25.93, 32.4, 6.37], [None, None]]


Fix indicator_id: 201020
[[0.1, 0.8, 0.7], [0.81, 1.53, 0.71], [1.54, 2.26, 0.72], [2.27, 2.97, 0.71], [2.98, 3.7, 0.72], [None, None]]


Fix indicator_id: 201021
[[0.0, 0.03, 0.03], [0.04, 0.07, 0.03], [0.08, 0.11, 0.03], [0.12, 0.15, 0.03], [0.16, 0.2, -0.06], [None, None]]


Fix indicator_id: 201022
[[0.0, 0.56, 0.56], [0.57, 1.15, 0.57], [1.16, 1.74, 0.58], [1.75, 2.31, 0.57], [2.32, 2.9, 0.48], [None, None]]


Fix indicator_id: 201023
[[0.0, 0.03, 0.03], [0.04, 0.07, 0.03], [0.08, 0.11, 0.03], [0.12, 0.15, 0.03], [0.16, 0.2, -0.06], [None, None]]


Fix indicator_id: 201024
[[0.0, 0.03, 0.03], [0.04, 0.07, 0.03], [0.08, 0.11, 0.03], [0.12, 0.15, 0.03], [0.16, 0.2, -0.06], [None, None]]


Fix indicator_id: 201025
[[0.0, 0.03, 0.03], [0.04, 0.07, 0.03], [0.08, 0.11, 0.03], [0.12, 0.15, 0.03], [0.16, 0.2, -0.06], [None, None]]


Fix indicator_id: 201026
[[0.0, 0.01, 0.01], [0.02, 0.03, 0.01], [0.04, 0.04, 0.0], [0.05, 0.07, 0.01], [0.08, 0.1, -0.08], [None, None]]


Fix indicator_id: 201027
[[0.0, 0.07, 0.07], [0.08, 0.15, 0.07], [0.16, 0.23, 0.07], [0.24, 0.31, 0.07], [0.32, 0.4, -0.02], [None, None]]


Fix indicator_id: 201031
[[-1.15, -0.76, 0.38], [-0.75, -0.38, 0.38], [-0.37, -0.1, 0.28], [-0.09, 3.08, 3.08], [3.09, 9.25, 3.08], [None, None]]


Fix indicator_id: 201032
[[-3.87, -2.59, 1.28], [-2.58, -1.3, 1.28], [-1.29, -0.1, 1.19], [-0.09, 0.14, 0.14], [0.15, 0.42, 0.14], [None, None]]


Fix indicator_id: 201033
[[0.0, 0.72, 0.72], [0.73, 1.45, 0.72], [1.46, 2.18, 0.72], [2.19, 2.91, 0.72], [2.92, 3.64, 0.72], [None, None]]


Fix indicator_id: 201034
[[0.0, 2.22, 2.22], [2.23, 4.44, 2.22], [4.45, 6.66, 2.22], [6.67, 8.88, 2.22], [8.89, 11.1, 2.22], [None, None]]


Fix indicator_id: 201035
[[-0.18, -0.13, 0.05], [-0.12, -0.06, 0.05], [-0.05, -0.1, -0.04], [-0.09, 0.03, 0.03], [0.04, 0.11, 0.03], [None, None]]


Fix indicator_id: 201036
[[0.0, 0.49, 0.49], [0.5, 0.99, 0.49], [1.0, 1.49, 0.49], [1.5, 1.99, 0.49], [2.0, 2.49, 0.48], [None, None]]


Fix indicator_id: 201037
[[0.0, 0.61, 0.61], [0.62, 1.23, 0.61], [1.24, 1.86, 0.62], [1.87, 2.47, 0.61], [2.48, 3.1, 0.52], [None, None]]


Fix indicator_id: 201041
[[-2.0, -1.33, 0.66], [-1.32, -0.66, 0.66], [-0.65, -0.1, 0.56], [-0.09, 746.33, 746.33], [746.34, 2239.0, 746.33], [None, None]]


Fix indicator_id: 201112
[[12.0, 135.3, 123.3], [135.31, 258.7, 123.3], [258.71, 382.2, 123.4], [382.21, 505.5, 123.3], [505.51, 629.0, 123.3], [None, None]]


Fix indicator_id: 201113
[[22.8, 31.63, 8.83], [31.64, 40.48, 8.84], [40.49, 49.31, 8.83], [49.32, 58.15, 8.83], [58.16, 67.0, 8.74], [None, None]]


Fix indicator_id: 201114
[[1881.0, 3451.9, 1570.9], [3451.91, 5022.89, 1570.89], [5022.9, 6593.9, 1570.9], [6593.91, 8164.9, 1570.9], [8164.91, 9736.0, 1570.9], [None, None]]


Fix indicator_id: 201115
[[17.38, 18.05, 0.67], [18.06, 18.72, 0.67], [18.73, 19.39, 0.67], [19.4, 20.06, 0.67], [20.07, 20.74, 0.66], [None, None]]

File fixed_legends_from_csv_indicators.csv saved in output/export_legends

Total time: 0.0015494743982950845 minutes
